 **********
 **    5 **SHO COR       5e+04         0.1
 **********
 PARAMETER  CORRELATION COEFFICIENTS  
       NO.  GLOBAL      1      2      3      4      5      6      7      8      9     10     11     12     13     14     15     16
        1  0.31347   1.000  0.007  0.006  0.005  0.034 -0.001  0.018  0.012  0.013  0.012  0.013  0.010  0.010  0.010  0.010  0.009
        2  0.99603   0.007  1.000  0.959  0.928 -0.735  0.896 -0.371 -0.930 -0.943 -0.928 -0.941 -0.863 -0.870 -0.861 -0.868 -0.811
        3  0.99376   0.006  0.959  1.000  0.923 -0.777  0.851 -0.379 -0.876 -0.888 -0.874 -0.887 -0.918 -0.926 -0.916 -0.924 -0.798
        4  0.98965   0.005  0.928  0.923  1.000 -0.780  0.799 -0.313 -0.839 -0.850 -0.837 -0.849 -0.816 -0.824 -0.815 -0.822 -0.888
        5  0.98325   0.034 -0.735 -0.777 -0.780  1.000 -0.410  0.354  0.651  0.660  0.650  0.659  0.662  0.668  0.660  0.667  0.603
        6  0.98895  -0.001  0.896  0.851  0.799 -0.410  1.000 -0.416 -0.850 -0.862 -0.848 -0.860 -0.805 -0.812 -0.803 -0.811 -0.762
        7  0.90513   0.018 -0.371 -0.379 -0.313  0.354 -0.416  1.000  0.454  0.460  0.452  0.458  0.457  0.461  0.455  0.460  0.374
        8  0.94343   0.012 -0.930 -0.876 -0.839  0.651 -0.850  0.454  1.000  0.902  0.888  0.901  0.807  0.814  0.805  0.813  0.753
        9  0.95631   0.013 -0.943 -0.888 -0.850  0.660 -0.862  0.460  0.902  1.000  0.900  0.913  0.818  0.825  0.816  0.824  0.763
       10  0.94150   0.012 -0.928 -0.874 -0.837  0.650 -0.848  0.452  0.888  0.900  1.000  0.899  0.806  0.813  0.804  0.811  0.751
       11  0.95487   0.013 -0.941 -0.887 -0.849  0.659 -0.860  0.458  0.901  0.913  0.899  1.000  0.817  0.824  0.815  0.823  0.762
       12  0.93442   0.010 -0.863 -0.918 -0.816  0.662 -0.805  0.457  0.807  0.818  0.806  0.817  1.000  0.881  0.871  0.879  0.729
       13  0.94282   0.010 -0.870 -0.926 -0.824  0.668 -0.812  0.461  0.814  0.825  0.813  0.824  0.881  1.000  0.879  0.887  0.735
       14  0.93201   0.010 -0.861 -0.916 -0.815  0.660 -0.803  0.455  0.805  0.816  0.804  0.815  0.871  0.879  1.000  0.877  0.727
       15  0.94055   0.010 -0.868 -0.924 -0.822  0.667 -0.811  0.460  0.813  0.824  0.811  0.823  0.879  0.887  0.877  1.000  0.734
       16  0.91097   0.009 -0.811 -0.798 -0.888  0.603 -0.762  0.374  0.753  0.763  0.751  0.762  0.729  0.735  0.727  0.734  1.000
       17  0.92285   0.010 -0.822 -0.808 -0.899  0.611 -0.771  0.379  0.763  0.773  0.761  0.772  0.738  0.745  0.736  0.743  0.841
                     1.000  0.838  0.849
       18  0.90778   0.009 -0.809 -0.796 -0.885  0.602 -0.759  0.372  0.751  0.761  0.749  0.760  0.726  0.733  0.725  0.731  0.827
                     0.838  1.000  0.835
       19  0.91968   0.010 -0.820 -0.806 -0.896  0.609 -0.769  0.377  0.760  0.771  0.759  0.770  0.736  0.743  0.734  0.741  0.838
                     0.849  0.835  1.000
