 **********
 **    6 **SHO COR       5e+04         0.1
 **********
 PARAMETER  CORRELATION COEFFICIENTS  
       NO.  GLOBAL      1      2      3      4      5      6      8      9     10     11     12     13     14     15     16     17
        1  0.35079   1.000 -0.003 -0.004 -0.004 -0.032  0.010 -0.015 -0.016 -0.015 -0.016 -0.011 -0.012 -0.011 -0.012 -0.009 -0.009
        2  0.99809  -0.003  1.000  0.981  0.968  0.251  0.989 -0.544 -0.580 -0.539 -0.576 -0.399 -0.412 -0.396 -0.409 -0.297 -0.309
        3  0.99641  -0.004  0.981  1.000  0.963  0.192  0.975 -0.509 -0.543 -0.504 -0.539 -0.493 -0.510 -0.489 -0.506 -0.308 -0.321
        4  0.99329  -0.004  0.968  0.963  1.000  0.187  0.962 -0.502 -0.536 -0.498 -0.532 -0.412 -0.425 -0.409 -0.423 -0.433 -0.451
        5  0.88017  -0.032  0.251  0.192  0.187  1.000  0.348  0.128  0.135  0.127  0.134  0.244  0.252  0.241  0.250  0.157  0.163
        6  0.99879   0.010  0.989  0.975  0.962  0.348  1.000 -0.471 -0.503 -0.467 -0.500 -0.363 -0.375 -0.361 -0.373 -0.273 -0.284
        8  0.71816  -0.015 -0.544 -0.509 -0.502  0.128 -0.471  1.000  0.549  0.511  0.545  0.294  0.304  0.292  0.302  0.212  0.221
        9  0.76509  -0.016 -0.580 -0.543 -0.536  0.135 -0.503  0.549  1.000  0.544  0.581  0.313  0.324  0.311  0.321  0.226  0.235
       10  0.71150  -0.015 -0.539 -0.504 -0.498  0.127 -0.467  0.511  0.544  1.000  0.540  0.291  0.301  0.289  0.299  0.210  0.219
       11  0.75941  -0.016 -0.576 -0.539 -0.532  0.134 -0.500  0.545  0.581  0.540  1.000  0.311  0.322  0.309  0.319  0.224  0.234
       12  0.73306  -0.011 -0.399 -0.493 -0.412  0.244 -0.363  0.294  0.313  0.291  0.311  1.000  0.556  0.532  0.551  0.205  0.214
       13  0.75798  -0.012 -0.412 -0.510 -0.425  0.252 -0.375  0.304  0.324  0.301  0.322  0.556  1.000  0.550  0.569  0.212  0.221
       14  0.72613  -0.011 -0.396 -0.489 -0.409  0.241 -0.361  0.292  0.311  0.289  0.309  0.532  0.550  1.000  0.545  0.203  0.212
       15  0.75110  -0.012 -0.409 -0.506 -0.423  0.250 -0.373  0.302  0.321  0.299  0.319  0.551  0.569  0.545  1.000  0.210  0.219
       16  0.69212  -0.009 -0.297 -0.308 -0.433  0.157 -0.273  0.212  0.226  0.210  0.224  0.205  0.212  0.203  0.210  1.000  0.499
       17  0.72107  -0.009 -0.309 -0.321 -0.451  0.163 -0.284  0.221  0.235  0.219  0.234  0.214  0.221  0.212  0.219  0.499  1.000
       18  0.68438  -0.009 -0.295 -0.306 -0.430  0.155 -0.271  0.210  0.224  0.209  0.223  0.203  0.210  0.202  0.209  0.474  0.493
                     1.000  0.488
       19  0.71267  -0.009 -0.307 -0.319 -0.447  0.161 -0.282  0.219  0.233  0.217  0.232  0.212  0.219  0.210  0.217  0.493  0.514
                     0.488  1.000
