 **********
 **    8 **SHO COR       5e+04         0.1
 **********
 PARAMETER  CORRELATION COEFFICIENTS  
       NO.  GLOBAL      1      5      6      7      8      9     10     11     12     13     14     15     16     17     18     19
        1  0.19800   1.000  0.041  0.003  0.001  0.044  0.049  0.043  0.049  0.030  0.032  0.029  0.032  0.018  0.019  0.017  0.019
        5  0.96091   0.041  1.000  0.910  0.263  0.262  0.296  0.257  0.292  0.067  0.072  0.066  0.071 -0.067 -0.073 -0.064 -0.070
        6  0.96101   0.003  0.910  1.000 -0.040  0.265  0.300  0.261  0.296  0.064  0.069  0.064  0.069 -0.074 -0.080 -0.071 -0.077
        7  0.77064   0.001  0.263 -0.040  1.000  0.114  0.129  0.111  0.126  0.086  0.092  0.083  0.089  0.058  0.063  0.056  0.060
        8  0.30325   0.044  0.262  0.265  0.114  1.000  0.104  0.090  0.103  0.034  0.036  0.033  0.036 -0.008 -0.009 -0.008 -0.008
        9  0.34343   0.049  0.296  0.300  0.129  0.104  1.000  0.102  0.116  0.038  0.041  0.037  0.040 -0.009 -0.010 -0.009 -0.009
       10  0.29758   0.043  0.257  0.261  0.111  0.090  0.102  1.000  0.101  0.033  0.035  0.032  0.035 -0.008 -0.009 -0.008 -0.008
       11  0.33810   0.049  0.292  0.296  0.126  0.103  0.116  0.101  1.000  0.037  0.040  0.037  0.040 -0.009 -0.010 -0.009 -0.010
       12  0.13132   0.030  0.067  0.064  0.086  0.034  0.038  0.033  0.037  1.000  0.019  0.017  0.018  0.005  0.005  0.004  0.005
       13  0.14150   0.032  0.072  0.069  0.092  0.036  0.041  0.035  0.040  0.019  1.000  0.018  0.020  0.005  0.005  0.005  0.005
       14  0.12798   0.029  0.066  0.064  0.083  0.033  0.037  0.032  0.037  0.017  0.018  1.000  0.018  0.004  0.005  0.004  0.005
       15  0.13789   0.032  0.071  0.069  0.089  0.036  0.040  0.035  0.040  0.018  0.020  0.018  1.000  0.005  0.005  0.005  0.005
       16  0.11094   0.018 -0.067 -0.074  0.058 -0.008 -0.009 -0.008 -0.009  0.005  0.005  0.004  0.005  1.000  0.013  0.012  0.013
       17  0.12024   0.019 -0.073 -0.080  0.063 -0.009 -0.010 -0.009 -0.010  0.005  0.005  0.005  0.005  0.013  1.000  0.013  0.014
       18  0.10688   0.017 -0.064 -0.071  0.056 -0.008 -0.009 -0.008 -0.009  0.004  0.005  0.004  0.005  0.012  0.013  1.000  0.012
       19  0.11561   0.019 -0.070 -0.077  0.060 -0.008 -0.009 -0.008 -0.010  0.005  0.005  0.005  0.005  0.013  0.014  0.012  1.000
