 **********
 **    5 **SHO COR       5e+04         0.1
 **********
 PARAMETER  CORRELATION COEFFICIENTS  
       NO.  GLOBAL      1      2      3      4      5      6      7      8      9     10     11     12     13     14     15     16
        1  0.99347   1.000  0.982  0.851  0.868  0.833  0.667  0.977  0.775  0.725 -0.432 -0.915 -0.721 -0.332 -0.363 -0.260 -0.281
        2  0.99356   0.982  1.000  0.853  0.871  0.833  0.668  0.974  0.777  0.725 -0.438 -0.919 -0.718 -0.363 -0.397 -0.208 -0.224
        3  0.95859   0.851  0.853  1.000  0.909  0.764  0.612  0.819  0.916  0.678 -0.332 -0.809 -0.612 -0.305 -0.334 -0.203 -0.218
        4  0.96559   0.868  0.871  0.909  1.000  0.776  0.623  0.834  0.922  0.687 -0.359 -0.833 -0.628 -0.303 -0.332 -0.197 -0.212
        5  0.95186   0.833  0.833  0.764  0.776  1.000  0.693  0.807  0.700  0.880 -0.276 -0.776 -0.591 -0.320 -0.350 -0.224 -0.241
        6  0.74570   0.667  0.668  0.612  0.623  0.693  1.000  0.645  0.560  0.700 -0.228 -0.623 -0.466 -0.246 -0.269 -0.167 -0.180
        7  0.99245   0.977  0.974  0.819  0.834  0.807  0.645  1.000  0.748  0.710 -0.367 -0.861 -0.676 -0.390 -0.427 -0.287 -0.310
        8  0.96564   0.775  0.777  0.916  0.922  0.700  0.560  0.748  1.000  0.626 -0.279 -0.729 -0.543 -0.278 -0.304 -0.186 -0.200
        9  0.92250   0.725  0.725  0.678  0.687  0.880  0.700  0.710  0.626  1.000 -0.081 -0.616 -0.396 -0.258 -0.282 -0.174 -0.188
       10  0.96451  -0.432 -0.438 -0.332 -0.359 -0.276 -0.228 -0.367 -0.279 -0.081  1.000  0.713  0.835  0.171  0.189  0.108  0.115
       11  0.99387  -0.915 -0.919 -0.809 -0.833 -0.776 -0.623 -0.861 -0.729 -0.616  0.713  1.000  0.893  0.346  0.379  0.233  0.250
       12  0.96879  -0.721 -0.718 -0.612 -0.628 -0.591 -0.466 -0.676 -0.543 -0.396  0.835  0.893  1.000  0.399  0.436  0.324  0.350
       13  0.59770  -0.332 -0.363 -0.305 -0.303 -0.320 -0.246 -0.390 -0.278 -0.258  0.171  0.346  0.399  1.000  0.390  0.245  0.266
       14  0.65174  -0.363 -0.397 -0.334 -0.332 -0.350 -0.269 -0.427 -0.304 -0.282  0.189  0.379  0.436  0.390  1.000  0.267  0.290
       15  0.58400  -0.260 -0.208 -0.203 -0.197 -0.224 -0.167 -0.287 -0.186 -0.174  0.108  0.233  0.324  0.245  0.267  1.000  0.372
       16  0.63630  -0.281 -0.224 -0.218 -0.212 -0.241 -0.180 -0.310 -0.200 -0.188  0.115  0.250  0.350  0.266  0.290  0.372  1.000
       17  0.51978  -0.355 -0.353 -0.286 -0.379 -0.320 -0.252 -0.345 -0.390 -0.267  0.184  0.357  0.341  0.184  0.201  0.149  0.161
                     1.000  0.285  0.252  0.264  0.103  0.111  0.153  0.164
       18  0.54899  -0.375 -0.372 -0.301 -0.400 -0.338 -0.266 -0.365 -0.412 -0.282  0.194  0.377  0.359  0.194  0.212  0.157  0.170
                     0.285  1.000  0.266  0.278  0.109  0.117  0.162  0.173
       19  0.62294  -0.491 -0.488 -0.527 -0.470 -0.445 -0.352 -0.478 -0.547 -0.380  0.223  0.481  0.437  0.239  0.261  0.189  0.205
                     0.252  0.266  1.000  0.406  0.140  0.150  0.212  0.226
       20  0.65139  -0.513 -0.510 -0.551 -0.491 -0.465 -0.367 -0.499 -0.571 -0.397  0.233  0.503  0.456  0.250  0.273  0.198  0.214
                     0.264  0.278  0.406  1.000  0.146  0.157  0.221  0.237
       21  0.46130  -0.221 -0.218 -0.203 -0.202 -0.079 -0.164 -0.221 -0.187 -0.189  0.037  0.195  0.180  0.129  0.141  0.111  0.121
                     0.103  0.109  0.140  0.146  1.000  0.227  0.105  0.112
       22  0.49309  -0.236 -0.233 -0.218 -0.217 -0.084 -0.176 -0.237 -0.201 -0.202  0.040  0.209  0.193  0.138  0.151  0.119  0.129
                     0.111  0.117  0.150  0.157  0.227  1.000  0.112  0.120
       23  0.42422  -0.379 -0.378 -0.348 -0.352 -0.388 -0.274 -0.370 -0.319 -0.382  0.111  0.348  0.279  0.164  0.179  0.123  0.133
                     0.153  0.162  0.212  0.221  0.105  0.112  1.000  0.193
       24  0.45415  -0.405 -0.404 -0.372 -0.376 -0.415 -0.292 -0.396 -0.341 -0.409  0.118  0.372  0.298  0.176  0.192  0.132  0.143
                     0.164  0.173  0.226  0.237  0.112  0.120  0.193  1.000
