 **********
 **    5 **SHO COR       5e+04         0.1
 **********
 PARAMETER  CORRELATION COEFFICIENTS  
       NO.  GLOBAL      1      2      3      4      5      6      7      8      9     10     11     12     13     14     15     16
        1  0.99260   1.000  0.976  0.495  0.491  0.411  0.406  0.527  0.054  0.049  0.746 -0.425 -0.494 -0.194 -0.197 -0.227 -0.232
        2  0.99146   0.976  1.000  0.498  0.494  0.413  0.409  0.524  0.056  0.051  0.750 -0.424 -0.498 -0.224 -0.227 -0.198 -0.202
        3  0.98668   0.495  0.498  1.000  0.951  0.360  0.356  0.030  0.630  0.027  0.647 -0.407 -0.412 -0.158 -0.161 -0.156 -0.159
        4  0.98066   0.491  0.494  0.951  1.000  0.357  0.353  0.028  0.622  0.025  0.642 -0.404 -0.413 -0.161 -0.164 -0.160 -0.163
        5  0.97948   0.411  0.413  0.360  0.357  1.000  0.934  0.047  0.039  0.754  0.540 -0.311 -0.338 -0.127 -0.129 -0.126 -0.128
        6  0.97642   0.406  0.409  0.356  0.353  0.934  1.000  0.047  0.039  0.752  0.534 -0.307 -0.332 -0.124 -0.126 -0.122 -0.125
        7  0.99521   0.527  0.524  0.030  0.028  0.047  0.047  1.000  0.383  0.307  0.169  0.519 -0.145 -0.147 -0.147 -0.151 -0.153
        8  0.99010   0.054  0.056  0.630  0.622  0.039  0.039  0.383  1.000  0.244  0.133  0.406 -0.090 -0.075 -0.075 -0.071 -0.072
        9  0.98731   0.049  0.051  0.027  0.025  0.754  0.752  0.307  0.244  1.000  0.114  0.318 -0.058 -0.041 -0.040 -0.038 -0.038
       10  0.95589   0.746  0.750  0.647  0.642  0.540  0.534  0.169  0.133  0.114  1.000 -0.459 -0.707 -0.338 -0.344 -0.333 -0.340
       11  0.99574  -0.425 -0.424 -0.407 -0.404 -0.311 -0.307  0.519  0.406  0.318 -0.459  1.000  0.221 -0.024 -0.023 -0.019 -0.019
       12  0.99278  -0.494 -0.498 -0.412 -0.413 -0.338 -0.332 -0.145 -0.090 -0.058 -0.707  0.221  1.000  0.827  0.843  0.816  0.834
       13  0.91856  -0.194 -0.224 -0.158 -0.161 -0.127 -0.124 -0.147 -0.075 -0.041 -0.338 -0.024  0.827  1.000  0.860  0.799  0.816
       14  0.93644  -0.197 -0.227 -0.161 -0.164 -0.129 -0.126 -0.147 -0.075 -0.040 -0.344 -0.023  0.843  0.860  1.000  0.815  0.832
       15  0.90954  -0.227 -0.198 -0.156 -0.160 -0.126 -0.122 -0.151 -0.071 -0.038 -0.333 -0.019  0.816  0.799  0.815  1.000  0.845
       16  0.92870  -0.232 -0.202 -0.159 -0.163 -0.128 -0.125 -0.153 -0.072 -0.038 -0.340 -0.019  0.834  0.816  0.832  0.845  1.000
       17  0.85164  -0.193 -0.195 -0.128 -0.182 -0.118 -0.115 -0.110 -0.097 -0.031 -0.310 -0.007  0.749  0.730  0.744  0.720  0.736
                     1.000  0.740  0.614  0.629  0.541  0.561  0.521  0.540
       18  0.86868  -0.196 -0.199 -0.131 -0.186 -0.121 -0.117 -0.112 -0.099 -0.032 -0.316 -0.007  0.764  0.745  0.759  0.735  0.751
                     0.740  1.000  0.626  0.641  0.552  0.572  0.531  0.551
       19  0.80799  -0.183 -0.184 -0.172 -0.105 -0.113 -0.109 -0.105 -0.096 -0.031 -0.293 -0.006  0.697  0.678  0.691  0.669  0.683
                     0.614  0.626  1.000  0.668  0.502  0.521  0.484  0.502
       20  0.82706  -0.187 -0.189 -0.176 -0.108 -0.115 -0.112 -0.107 -0.098 -0.031 -0.299 -0.006  0.714  0.694  0.708  0.685  0.700
                     0.629  0.641  0.668  1.000  0.514  0.534  0.495  0.514
       21  0.74459  -0.165 -0.167 -0.127 -0.130 -0.084 -0.161 -0.088 -0.049 -0.093 -0.263  0.003  0.619  0.599  0.611  0.591  0.604
                     0.541  0.552  0.502  0.514  1.000  0.575  0.433  0.449
       22  0.77222  -0.171 -0.173 -0.132 -0.135 -0.088 -0.168 -0.092 -0.050 -0.098 -0.273  0.003  0.642  0.622  0.634  0.614  0.627
                     0.561  0.572  0.521  0.534  0.575  1.000  0.449  0.466
       23  0.72670  -0.160 -0.161 -0.123 -0.126 -0.152 -0.061 -0.085 -0.046 -0.083 -0.254  0.004  0.596  0.577  0.588  0.569  0.582
                     0.521  0.531  0.484  0.495  0.433  0.449  1.000  0.547
       24  0.75322  -0.166 -0.167 -0.127 -0.130 -0.158 -0.064 -0.088 -0.048 -0.087 -0.263  0.004  0.618  0.599  0.610  0.591  0.603
                     0.540  0.551  0.502  0.514  0.449  0.466  0.547  1.000

