 **********
 **    5 **SHO COR       5e+04         0.1
 **********
 PARAMETER  CORRELATION COEFFICIENTS  
       NO.  GLOBAL      1      2      3      4      5      6      7      8      9     10     11     12     13     14     15     16
        1  0.99424   1.000  0.984  0.866  0.882  0.849  0.691  0.980  0.796  0.746 -0.468 -0.925 -0.749 -0.357 -0.387 -0.274 -0.294
        2  0.99434   0.984  1.000  0.868  0.885  0.849  0.692  0.977  0.797  0.746 -0.474 -0.929 -0.747 -0.386 -0.419 -0.225 -0.240
        3  0.96254   0.866  0.868  1.000  0.918  0.786  0.639  0.837  0.923  0.702 -0.373 -0.830 -0.648 -0.331 -0.359 -0.220 -0.235
        4  0.96903   0.882  0.885  0.918  1.000  0.797  0.650  0.851  0.928  0.710 -0.399 -0.852 -0.664 -0.329 -0.357 -0.215 -0.229
        5  0.95617   0.849  0.849  0.786  0.797  1.000  0.714  0.826  0.725  0.888 -0.319 -0.798 -0.628 -0.344 -0.374 -0.240 -0.257
        6  0.76279   0.691  0.692  0.639  0.650  0.714  1.000  0.671  0.590  0.718 -0.266 -0.651 -0.505 -0.270 -0.294 -0.183 -0.196
        7  0.99331   0.980  0.977  0.837  0.851  0.826  0.671  1.000  0.771  0.732 -0.408 -0.878 -0.709 -0.411 -0.447 -0.300 -0.322
        8  0.96841   0.796  0.797  0.923  0.928  0.725  0.590  0.771  1.000  0.652 -0.322 -0.755 -0.584 -0.304 -0.331 -0.203 -0.217
        9  0.92761   0.746  0.746  0.702  0.710  0.888  0.718  0.732  0.652  1.000 -0.130 -0.649 -0.443 -0.283 -0.308 -0.191 -0.205
       10  0.96552  -0.468 -0.474 -0.373 -0.399 -0.319 -0.266 -0.408 -0.322 -0.130  1.000  0.724  0.840  0.195  0.210  0.122  0.128
       11  0.99457  -0.925 -0.929 -0.830 -0.852 -0.798 -0.651 -0.878 -0.755 -0.649  0.724  1.000  0.902  0.370  0.401  0.248  0.264
       12  0.97122  -0.749 -0.747 -0.648 -0.664 -0.628 -0.505 -0.709 -0.584 -0.443  0.840  0.902  1.000  0.420  0.455  0.335  0.360
       13  0.60854  -0.357 -0.386 -0.331 -0.329 -0.344 -0.270 -0.411 -0.304 -0.283  0.195  0.370  0.420  1.000  0.402  0.254  0.275
       14  0.66106  -0.387 -0.419 -0.359 -0.357 -0.374 -0.294 -0.447 -0.331 -0.308  0.210  0.401  0.455  0.402  1.000  0.276  0.299
       15  0.58859  -0.274 -0.225 -0.220 -0.215 -0.240 -0.183 -0.300 -0.203 -0.191  0.122  0.248  0.335  0.254  0.276  1.000  0.377
       16  0.64045  -0.294 -0.240 -0.235 -0.229 -0.257 -0.196 -0.322 -0.217 -0.205  0.128  0.264  0.360  0.275  0.299  0.377  1.000
       17  0.53294  -0.378 -0.375 -0.312 -0.400 -0.344 -0.276 -0.369 -0.410 -0.291  0.206  0.379  0.363  0.200  0.216  0.159  0.171
                     1.000  0.300  0.271  0.283  0.113  0.121  0.170  0.181
       18  0.56218  -0.398 -0.396 -0.328 -0.421 -0.362 -0.291 -0.388 -0.432 -0.307  0.217  0.400  0.383  0.210  0.228  0.168  0.180
                     0.300  1.000  0.286  0.298  0.119  0.128  0.179  0.191
       19  0.63954  -0.517 -0.514 -0.550 -0.497 -0.473 -0.380 -0.505 -0.568 -0.408  0.252  0.508  0.465  0.259  0.281  0.202  0.217
                     0.271  0.286  1.000  0.427  0.152  0.163  0.232  0.248
       20  0.66774  -0.539 -0.536 -0.574 -0.518 -0.493 -0.396 -0.526 -0.592 -0.426  0.263  0.530  0.485  0.270  0.293  0.211  0.227
                     0.283  0.298  0.427  1.000  0.159  0.170  0.242  0.258
       21  0.46686  -0.234 -0.232 -0.218 -0.217 -0.099 -0.178 -0.235 -0.202 -0.202  0.053  0.210  0.196  0.139  0.151  0.118  0.128
                     0.113  0.119  0.152  0.159  1.000  0.233  0.115  0.123
       22  0.49886  -0.251 -0.248 -0.233 -0.232 -0.106 -0.191 -0.251 -0.216 -0.217  0.057  0.225  0.210  0.149  0.162  0.126  0.136
                     0.121  0.128  0.163  0.170  0.233  1.000  0.123  0.131
       23  0.44256  -0.400 -0.399 -0.371 -0.374 -0.408 -0.297 -0.392 -0.342 -0.402  0.136  0.372  0.305  0.181  0.196  0.134  0.144
                     0.170  0.179  0.232  0.242  0.115  0.123  1.000  0.209
       24  0.47313  -0.427 -0.426 -0.396 -0.400 -0.436 -0.316 -0.419 -0.366 -0.429  0.145  0.397  0.326  0.193  0.210  0.144  0.154
                     0.181  0.191  0.248  0.258  0.123  0.131  0.209  1.000
