 **********
 **    5 **SHO COR       5e+04         0.1
 **********
 PARAMETER  CORRELATION COEFFICIENTS  
       NO.  GLOBAL      1      2      3      4      5      6      7      8      9     10     11     12     13     14     15     16
        1  0.49998   1.000  0.009  0.009  0.008  0.070 -0.016  0.026  0.010  0.010  0.010  0.010  0.009  0.009  0.009  0.009  0.008
        2  0.99650   0.009  1.000  0.958  0.928 -0.438  0.967 -0.581 -0.929 -0.938 -0.928 -0.938 -0.873 -0.879 -0.871 -0.878 -0.814
        3  0.99470   0.009  0.958  1.000  0.918 -0.486  0.943 -0.573 -0.865 -0.874 -0.864 -0.873 -0.922 -0.928 -0.920 -0.927 -0.793
        4  0.99094   0.008  0.928  0.918  1.000 -0.473  0.908 -0.510 -0.833 -0.842 -0.832 -0.841 -0.821 -0.826 -0.819 -0.825 -0.895
        5  0.96668   0.070 -0.438 -0.486 -0.473  1.000 -0.287  0.198  0.223  0.225  0.223  0.225  0.276  0.277  0.275  0.277  0.225
        6  0.99389  -0.016  0.967  0.943  0.908 -0.287  1.000 -0.670 -0.927 -0.937 -0.926 -0.936 -0.900 -0.906 -0.899 -0.905 -0.841
        7  0.91104   0.026 -0.581 -0.573 -0.510  0.198 -0.670  1.000  0.613  0.619  0.611  0.617  0.608  0.612  0.606  0.610  0.527
        8  0.95739   0.010 -0.929 -0.865 -0.833  0.223 -0.927  0.613  1.000  0.926  0.915  0.925  0.834  0.839  0.832  0.838  0.781
        9  0.96725   0.010 -0.938 -0.874 -0.842  0.225 -0.937  0.619  0.926  1.000  0.925  0.934  0.842  0.848  0.841  0.847  0.789
       10  0.95586   0.010 -0.928 -0.864 -0.832  0.223 -0.926  0.611  0.915  0.925  1.000  0.923  0.832  0.838  0.831  0.837  0.780
       11  0.96612   0.010 -0.938 -0.873 -0.841  0.225 -0.936  0.617  0.925  0.934  0.923  1.000  0.841  0.847  0.840  0.846  0.788
       12  0.94999   0.009 -0.873 -0.922 -0.821  0.276 -0.900  0.608  0.834  0.842  0.832  0.841  1.000  0.909  0.901  0.907  0.756
       13  0.95654   0.009 -0.879 -0.928 -0.826  0.277 -0.906  0.612  0.839  0.848  0.838  0.847  0.909  1.000  0.907  0.913  0.761
       14  0.94806   0.009 -0.871 -0.920 -0.819  0.275 -0.899  0.606  0.832  0.841  0.831  0.840  0.901  0.907  1.000  0.905  0.755
       15  0.95473   0.009 -0.878 -0.927 -0.825  0.277 -0.905  0.610  0.838  0.847  0.837  0.846  0.907  0.913  0.905  1.000  0.760
       16  0.93039   0.008 -0.814 -0.793 -0.895  0.225 -0.841  0.527  0.781  0.789  0.780  0.788  0.756  0.761  0.755  0.760  1.000
       17  0.93993   0.008 -0.823 -0.801 -0.905  0.227 -0.849  0.533  0.789  0.797  0.788  0.796  0.764  0.769  0.762  0.768  0.874
                     1.000  0.872  0.881
       18  0.92776   0.008 -0.813 -0.791 -0.893  0.225 -0.839  0.525  0.779  0.787  0.778  0.786  0.754  0.760  0.753  0.758  0.863
                     0.872  1.000  0.870
       19  0.93734   0.008 -0.821 -0.799 -0.902  0.227 -0.847  0.531  0.787  0.795  0.786  0.794  0.762  0.767  0.761  0.766  0.872
                     0.881  0.870  1.000

