 **********
 **    5 **SHO COR       5e+04         0.1
 **********
 PARAMETER  CORRELATION COEFFICIENTS  
       NO.  GLOBAL      1      2      3      4      5      6      7      8      9     10     11     12     13     14     15     16
        1  0.98864   1.000  0.967  0.739  0.760  0.723  0.663  0.900  0.608  0.548  0.083 -0.582 -0.424 -0.249 -0.270 -0.270 -0.285
        2  0.98953   0.967  1.000  0.745  0.766  0.728  0.669  0.895  0.610  0.549  0.079 -0.590 -0.423 -0.302 -0.327 -0.198 -0.208
        3  0.95943   0.739  0.745  1.000  0.896  0.665  0.608  0.674  0.869  0.537  0.158 -0.451 -0.301 -0.217 -0.235 -0.173 -0.183
        4  0.96489   0.760  0.766  0.896  1.000  0.678  0.621  0.684  0.867  0.540  0.143 -0.478 -0.318 -0.215 -0.232 -0.169 -0.178
        5  0.96174   0.723  0.728  0.665  0.678  1.000  0.773  0.728  0.635  0.850  0.339 -0.299 -0.150 -0.207 -0.223 -0.166 -0.174
        6  0.85971   0.663  0.669  0.608  0.621  0.773  1.000  0.654  0.569  0.751  0.279 -0.298 -0.150 -0.176 -0.190 -0.136 -0.143
        7  0.99224   0.900  0.895  0.674  0.684  0.728  0.654  1.000  0.680  0.695  0.442 -0.222 -0.098 -0.305 -0.329 -0.276 -0.291
        8  0.97687   0.608  0.610  0.869  0.867  0.635  0.569  0.680  1.000  0.636  0.461 -0.115 -0.001 -0.183 -0.198 -0.152 -0.160
        9  0.96235   0.548  0.549  0.537  0.540  0.850  0.751  0.695  0.636  1.000  0.642  0.072  0.197 -0.135 -0.146 -0.107 -0.111
       10  0.97437   0.083  0.079  0.158  0.143  0.339  0.279  0.442  0.461  0.642  1.000  0.708  0.743  0.013  0.015  0.009  0.014
       11  0.98998  -0.582 -0.590 -0.451 -0.478 -0.299 -0.298 -0.222 -0.115  0.072  0.708  1.000  0.913  0.222  0.241  0.182  0.196
       12  0.97616  -0.424 -0.423 -0.301 -0.318 -0.150 -0.150 -0.098 -0.001  0.197  0.743  0.913  1.000  0.349  0.377  0.335  0.360
       13  0.65895  -0.249 -0.302 -0.217 -0.215 -0.207 -0.176 -0.305 -0.183 -0.135  0.013  0.222  0.349  1.000  0.468  0.324  0.347
       14  0.71014  -0.270 -0.327 -0.235 -0.232 -0.223 -0.190 -0.329 -0.198 -0.146  0.015  0.241  0.377  0.468  1.000  0.350  0.374
       15  0.67459  -0.270 -0.198 -0.173 -0.169 -0.166 -0.136 -0.276 -0.152 -0.107  0.009  0.182  0.335  0.324  0.350  1.000  0.488
       16  0.72352  -0.285 -0.208 -0.183 -0.178 -0.174 -0.143 -0.291 -0.160 -0.111  0.014  0.196  0.360  0.347  0.374  0.488  1.000
       17  0.57627  -0.254 -0.250 -0.178 -0.299 -0.206 -0.181 -0.224 -0.290 -0.139  0.010  0.212  0.277  0.218  0.235  0.215  0.230
                     1.000  0.349  0.247  0.257  0.120  0.126  0.173  0.183
       18  0.60563  -0.267 -0.263 -0.186 -0.314 -0.217 -0.190 -0.235 -0.304 -0.146  0.011  0.223  0.291  0.229  0.246  0.226  0.242
                     0.349  1.000  0.259  0.270  0.126  0.133  0.182  0.192
       19  0.63690  -0.336 -0.333 -0.414 -0.318 -0.285 -0.251 -0.307 -0.413 -0.208 -0.025  0.249  0.309  0.256  0.276  0.251  0.268
                     0.247  0.259  1.000  0.424  0.138  0.146  0.221  0.234
       20  0.66536  -0.351 -0.347 -0.432 -0.331 -0.297 -0.261 -0.320 -0.430 -0.217 -0.026  0.261  0.324  0.267  0.288  0.262  0.280
                     0.257  0.270  0.424  1.000  0.144  0.152  0.231  0.244
       21  0.59751  -0.096 -0.091 -0.078 -0.075  0.110 -0.062 -0.095 -0.072 -0.052  0.004  0.085  0.182  0.171  0.184  0.178  0.191
                     0.120  0.126  0.138  0.144  1.000  0.376  0.104  0.110
       22  0.63003  -0.102 -0.096 -0.082 -0.079  0.116 -0.065 -0.100 -0.076 -0.055  0.004  0.090  0.192  0.180  0.194  0.188  0.202
                     0.126  0.133  0.146  0.152  0.376  1.000  0.110  0.116
       23  0.57310  -0.394 -0.392 -0.356 -0.360 -0.452 -0.278 -0.401 -0.343 -0.436 -0.167  0.181  0.177  0.207  0.223  0.193  0.205
                     0.173  0.182  0.221  0.231  0.104  0.110  1.000  0.347
       24  0.60613  -0.416 -0.414 -0.376 -0.380 -0.478 -0.292 -0.423 -0.363 -0.461 -0.177  0.191  0.187  0.218  0.235  0.204  0.217
                     0.183  0.192  0.234  0.244  0.110  0.116  0.347  1.000
