 **********
 **    8 **SHO COR       5e+04         0.1
 **********
 PARAMETER  CORRELATION COEFFICIENTS  
       NO.  GLOBAL      1      2      3      4      5      6     10     11     12     13     14     15     16     17     18     19
        1  0.99493   1.000  0.984  0.960  0.966  0.916  0.886 -0.945 -0.991 -0.931 -0.280 -0.295 -0.277 -0.284 -0.351 -0.364 -0.405
        2  0.99568   0.984  1.000  0.961  0.968  0.918  0.887 -0.943 -0.992 -0.930 -0.313 -0.330 -0.236 -0.241 -0.348 -0.360 -0.401
        3  0.98006   0.960  0.961  1.000  0.944  0.895  0.865 -0.919 -0.967 -0.909 -0.311 -0.328 -0.270 -0.276 -0.250 -0.258 -0.395
        4  0.98377   0.966  0.968  0.944  1.000  0.902  0.872 -0.922 -0.973 -0.914 -0.309 -0.326 -0.267 -0.274 -0.342 -0.354 -0.320
        5  0.96330   0.916  0.918  0.895  0.902  1.000  0.828 -0.858 -0.922 -0.876 -0.310 -0.327 -0.271 -0.277 -0.336 -0.348 -0.385
        6  0.92199   0.886  0.887  0.865  0.872  0.828  1.000 -0.838 -0.892 -0.839 -0.284 -0.299 -0.245 -0.251 -0.314 -0.325 -0.361
       10  0.97111  -0.945 -0.943 -0.919 -0.922 -0.858 -0.838  1.000  0.959  0.886  0.307  0.324  0.274  0.281  0.342  0.353  0.397
       11  0.99831  -0.991 -0.992 -0.967 -0.973 -0.922 -0.892  0.959  1.000  0.947  0.340  0.358  0.300  0.307  0.368  0.380  0.422
       12  0.99501  -0.931 -0.930 -0.909 -0.914 -0.876 -0.839  0.886  0.947  1.000  0.541  0.567  0.513  0.529  0.499  0.516  0.560
       13  0.82530  -0.280 -0.313 -0.311 -0.309 -0.310 -0.284  0.307  0.340  0.541  1.000  0.710  0.603  0.625  0.452  0.469  0.492
       14  0.85996  -0.295 -0.330 -0.328 -0.326 -0.327 -0.299  0.324  0.358  0.567  0.710  1.000  0.628  0.651  0.472  0.489  0.514
       15  0.83898  -0.277 -0.236 -0.270 -0.267 -0.271 -0.245  0.274  0.300  0.513  0.603  0.628  1.000  0.730  0.456  0.472  0.495
       16  0.87049  -0.284 -0.241 -0.276 -0.274 -0.277 -0.251  0.281  0.307  0.529  0.625  0.651  0.730  1.000  0.472  0.489  0.512
       17  0.70622  -0.351 -0.348 -0.250 -0.342 -0.336 -0.314  0.342  0.368  0.499  0.452  0.472  0.456  0.472  1.000  0.517  0.396
       18  0.73237  -0.364 -0.360 -0.258 -0.354 -0.348 -0.325  0.353  0.380  0.516  0.469  0.489  0.472  0.489  0.517  1.000  0.410
       19  0.73948  -0.405 -0.401 -0.395 -0.320 -0.385 -0.361  0.397  0.422  0.560  0.492  0.514  0.495  0.512  0.396  0.410  1.000
       20  0.76458  -0.419 -0.415 -0.409 -0.331 -0.399 -0.374  0.411  0.437  0.579  0.509  0.531  0.511  0.529  0.409  0.424  0.565
                     1.000  0.278  0.291  0.380  0.398
       21  0.65609  -0.163 -0.159 -0.158 -0.157  0.033 -0.142  0.178  0.177  0.285  0.323  0.336  0.332  0.344  0.247  0.256  0.269
                     0.278  1.000  0.451  0.206  0.216
       22  0.68738  -0.171 -0.167 -0.166 -0.164  0.034 -0.149  0.187  0.185  0.298  0.338  0.352  0.347  0.360  0.258  0.268  0.282
                     0.291  0.451  1.000  0.216  0.226
       23  0.65707  -0.487 -0.485 -0.475 -0.477 -0.460 -0.306  0.471  0.500  0.572  0.383  0.400  0.374  0.387  0.330  0.342  0.367
                     0.380  0.206  0.216  1.000  0.452
       24  0.68859  -0.510 -0.508 -0.498 -0.499 -0.481 -0.319  0.493  0.523  0.598  0.401  0.419  0.392  0.405  0.346  0.358  0.385
                     0.398  0.216  0.226  0.452  1.000
