 **********
 **    5 **SHO COR       5e+04         0.1
 **********
 PARAMETER  CORRELATION COEFFICIENTS  
       NO.  GLOBAL      1      2      3      4      5      6      7      8      9     10     11     12     13     14     15     16
        1  0.99178   1.000  0.976  0.717  0.733  0.564  0.561  0.804  0.468  0.313 -0.062 -0.593 -0.583 -0.073 -0.077 -0.131 -0.139
        2  0.99299   0.976  1.000  0.721  0.738  0.567  0.565  0.803  0.470  0.315 -0.063 -0.597 -0.582 -0.123 -0.131 -0.076 -0.080
        3  0.97189   0.717  0.721  1.000  0.916  0.498  0.496  0.550  0.787  0.295 -0.017 -0.487 -0.472 -0.076 -0.081 -0.070 -0.074
        4  0.97706   0.733  0.738  0.916  1.000  0.507  0.505  0.555  0.782  0.294 -0.031 -0.508 -0.489 -0.076 -0.081 -0.070 -0.074
        5  0.92191   0.564  0.567  0.498  0.507  1.000  0.745  0.544  0.441  0.741  0.192 -0.226 -0.247 -0.057 -0.059 -0.052 -0.055
        6  0.93347   0.561  0.565  0.496  0.505  0.745  1.000  0.516  0.416  0.751  0.147 -0.259 -0.258 -0.038 -0.040 -0.032 -0.034
        7  0.99419   0.804  0.803  0.550  0.555  0.544  0.516  1.000  0.631  0.559  0.496 -0.028 -0.142 -0.147 -0.153 -0.154 -0.163
        8  0.98225   0.468  0.470  0.787  0.782  0.441  0.416  0.631  1.000  0.493  0.486  0.060 -0.037 -0.078 -0.081 -0.075 -0.080
        9  0.95906   0.313  0.315  0.295  0.294  0.741  0.751  0.559  0.493  1.000  0.582  0.236  0.155 -0.016 -0.015 -0.012 -0.013
       10  0.97209  -0.062 -0.063 -0.017 -0.031  0.192  0.147  0.496  0.486  0.582  1.000  0.800  0.619 -0.006 -0.002 -0.006 -0.008
       11  0.99328  -0.593 -0.597 -0.487 -0.508 -0.226 -0.259 -0.028  0.060  0.236  0.800  1.000  0.864  0.076  0.084  0.074  0.076
       12  0.98028  -0.583 -0.582 -0.472 -0.489 -0.247 -0.258 -0.142 -0.037  0.155  0.619  0.864  1.000  0.391  0.417  0.407  0.428
       13  0.73883  -0.073 -0.123 -0.076 -0.076 -0.057 -0.038 -0.147 -0.078 -0.016 -0.006  0.076  0.391  1.000  0.579  0.453  0.477
       14  0.78314  -0.077 -0.131 -0.081 -0.081 -0.059 -0.040 -0.153 -0.081 -0.015 -0.002  0.084  0.417  0.579  1.000  0.480  0.505
       15  0.76647  -0.131 -0.076 -0.070 -0.070 -0.052 -0.032 -0.154 -0.075 -0.012 -0.006  0.074  0.407  0.453  0.480  1.000  0.619
       16  0.80763  -0.139 -0.080 -0.074 -0.074 -0.055 -0.034 -0.163 -0.080 -0.013 -0.008  0.076  0.428  0.477  0.505  0.619  1.000
       17  0.63330  -0.102 -0.098  0.014 -0.115 -0.052 -0.040 -0.087 -0.105 -0.005  0.025  0.094  0.310  0.301  0.319  0.318  0.335
                     1.000  0.419  0.236  0.246  0.136  0.143  0.152  0.160
       18  0.66209  -0.106 -0.103  0.015 -0.120 -0.054 -0.042 -0.091 -0.109 -0.005  0.027  0.098  0.324  0.314  0.333  0.332  0.350
                     0.419  1.000  0.247  0.257  0.142  0.149  0.159  0.167
       19  0.65304  -0.081 -0.077 -0.106  0.008 -0.041 -0.027 -0.083 -0.116 -0.006  0.007  0.067  0.305  0.323  0.342  0.341  0.360
                     0.236  0.247  1.000  0.445  0.144  0.152  0.163  0.171
       20  0.68112  -0.084 -0.080 -0.110  0.009 -0.042 -0.028 -0.086 -0.120 -0.006  0.007  0.069  0.317  0.336  0.356  0.356  0.374
                     0.246  0.257  0.445  1.000  0.150  0.158  0.169  0.178
       21  0.58990  -0.113 -0.112 -0.093 -0.094  0.110 -0.143 -0.118 -0.089 -0.143 -0.031  0.056  0.195  0.189  0.200  0.199  0.210
                     0.136  0.142  0.144  0.150  1.000  0.367  0.111  0.117
       22  0.62248  -0.120 -0.118 -0.098 -0.099  0.116 -0.151 -0.125 -0.094 -0.150 -0.033  0.059  0.206  0.199  0.211  0.210  0.221
                     0.143  0.149  0.152  0.158  0.367  1.000  0.117  0.123
       23  0.59810  -0.107 -0.104 -0.088 -0.088 -0.117  0.126 -0.138 -0.108 -0.120 -0.073  0.020  0.186  0.214  0.227  0.226  0.238
                     0.152  0.159  0.163  0.169  0.111  0.117  1.000  0.378
       24  0.63134  -0.112 -0.110 -0.092 -0.092 -0.123  0.134 -0.145 -0.114 -0.126 -0.077  0.021  0.196  0.226  0.239  0.238  0.251
                     0.160  0.167  0.171  0.178  0.117  0.123  0.378  1.000
