 **********
 **    6 **SHO COR       5e+04         0.1
 **********
 PARAMETER  CORRELATION COEFFICIENTS  
       NO.  GLOBAL      1      2      3      4      5      6      7      8      9     10     11     13     14     15     16     17
        1  0.99488   1.000  0.978  0.861  0.875  0.871  0.830  0.627  0.419  0.493 -0.149 -0.757  0.430  0.444  0.375  0.388  0.210
        2  0.99527   0.978  1.000  0.865  0.879  0.874  0.833  0.618  0.417  0.491 -0.156 -0.764  0.382  0.394  0.436  0.450  0.214
        3  0.98367   0.861  0.865  1.000  0.934  0.827  0.786  0.487  0.646  0.489 -0.103 -0.692  0.383  0.396  0.392  0.405  0.215
        4  0.98552   0.875  0.879  0.934  1.000  0.837  0.797  0.482  0.628  0.485 -0.123 -0.714  0.400  0.413  0.409  0.422  0.098
        5  0.99061   0.871  0.874  0.827  0.837  1.000  0.856  0.537  0.462  0.687 -0.038 -0.659  0.348  0.360  0.357  0.369  0.158
        6  0.95463   0.830  0.833  0.786  0.797  0.856  1.000  0.481  0.413  0.609 -0.083 -0.657  0.359  0.371  0.367  0.380  0.169
        7  0.99265   0.627  0.618  0.487  0.482  0.537  0.481  1.000  0.621  0.692  0.582  0.002 -0.273 -0.282 -0.290 -0.300 -0.163
        8  0.98298   0.419  0.417  0.646  0.628  0.462  0.413  0.621  1.000  0.604  0.516  0.013 -0.145 -0.149 -0.146 -0.151 -0.351
        9  0.97887   0.493  0.491  0.489  0.485  0.687  0.609  0.692  0.604  1.000  0.551 -0.020 -0.138 -0.142 -0.138 -0.143 -0.149
       10  0.98512  -0.149 -0.156 -0.103 -0.123 -0.038 -0.083  0.582  0.516  0.551  1.000  0.725 -0.640 -0.661 -0.651 -0.674 -0.440
       11  0.99752  -0.757 -0.764 -0.692 -0.714 -0.659 -0.657  0.002  0.013 -0.020  0.725  1.000 -0.708 -0.731 -0.721 -0.746 -0.425
       13  0.85057   0.430  0.382  0.383  0.400  0.348  0.359 -0.273 -0.145 -0.138 -0.640 -0.708  1.000  0.748  0.598  0.618  0.336
       14  0.87973   0.444  0.394  0.396  0.413  0.360  0.371 -0.282 -0.149 -0.142 -0.661 -0.731  0.748  1.000  0.617  0.638  0.347
       15  0.86322   0.375  0.436  0.392  0.409  0.357  0.367 -0.290 -0.146 -0.138 -0.651 -0.721  0.598  0.617  1.000  0.770  0.342
       16  0.89175   0.388  0.450  0.405  0.422  0.369  0.380 -0.300 -0.151 -0.143 -0.674 -0.746  0.618  0.638  0.770  1.000  0.354
       17  0.74683   0.210  0.214  0.215  0.098  0.158  0.169 -0.163 -0.351 -0.149 -0.440 -0.425  0.336  0.347  0.342  0.354  1.000
       18  0.77107   0.217  0.221  0.222  0.101  0.163  0.175 -0.168 -0.362 -0.153 -0.454 -0.438  0.347  0.358  0.353  0.365  0.576
                     1.000  0.355  0.366  0.272  0.277  0.149  0.154
       19  0.77283   0.147  0.151 -0.010  0.119  0.092  0.109 -0.234 -0.473 -0.219 -0.486 -0.408  0.339  0.350  0.345  0.357  0.345
                     0.355  1.000  0.615  0.243  0.246  0.182  0.188
       20  0.79573   0.152  0.155 -0.010  0.122  0.094  0.112 -0.241 -0.487 -0.226 -0.500 -0.419  0.349  0.361  0.355  0.368  0.355
                     0.366  0.615  1.000  0.250  0.253  0.187  0.194
       21  0.89825   0.577  0.581  0.533  0.547  0.665  0.487  0.095  0.076  0.055 -0.409 -0.673  0.455  0.470  0.464  0.480  0.264
                     0.272  0.243  0.250  1.000  0.819  0.066  0.068
       22  0.91205   0.585  0.590  0.541  0.555  0.675  0.495  0.097  0.077  0.056 -0.416 -0.683  0.462  0.477  0.471  0.487  0.268
                     0.277  0.246  0.253  0.819  1.000  0.067  0.069
       23  0.75769  -0.171 -0.169 -0.178 -0.173 -0.299 -0.046 -0.392 -0.344 -0.572 -0.415 -0.131  0.179  0.184  0.181  0.188  0.145
                     0.149  0.182  0.187  0.066  0.067  1.000  0.594
       24  0.78455  -0.177 -0.175 -0.185 -0.179 -0.309 -0.047 -0.406 -0.356 -0.591 -0.430 -0.136  0.185  0.191  0.187  0.194  0.150
                     0.154  0.188  0.194  0.068  0.069  0.594  1.000
