 **********
 **    5 **SHO COR       5e+04         0.1
 **********
 PARAMETER  CORRELATION COEFFICIENTS  
       NO.  GLOBAL      1      2      3      4      5      6      7      8      9     10     11     12     13     14     15     16
        1  0.99983   1.000  1.000  0.931  0.931  0.896  0.892  0.969  0.371 -0.784  0.984 -0.701 -0.979 -0.928 -0.932 -0.930 -0.935
        2  0.99981   1.000  1.000  0.932  0.932  0.897  0.892  0.969  0.372 -0.784  0.984 -0.701 -0.979 -0.929 -0.933 -0.929 -0.934
        3  0.99846   0.931  0.932  1.000  0.995  0.860  0.856  0.878  0.598 -0.761  0.945 -0.690 -0.939 -0.895 -0.899 -0.895 -0.899
        4  0.99762   0.931  0.932  0.995  1.000  0.860  0.856  0.878  0.596 -0.761  0.945 -0.690 -0.939 -0.895 -0.899 -0.895 -0.900
        5  0.99050   0.896  0.897  0.860  0.860  1.000  0.969  0.848  0.337 -0.549  0.910 -0.650 -0.908 -0.871 -0.875 -0.870 -0.875
        6  0.98536   0.892  0.892  0.856  0.856  0.969  1.000  0.845  0.339 -0.541  0.905 -0.645 -0.902 -0.862 -0.866 -0.862 -0.867
        7  0.99974   0.969  0.969  0.878  0.878  0.848  0.845  1.000  0.454 -0.664  0.922 -0.518 -0.926 -0.872 -0.875 -0.874 -0.879
        8  0.99443   0.371  0.372  0.598  0.596  0.337  0.339  0.454  1.000 -0.120  0.352  0.061 -0.366 -0.338 -0.338 -0.337 -0.339
        9  0.99152  -0.784 -0.784 -0.761 -0.761 -0.549 -0.541 -0.664 -0.120  1.000 -0.814  0.822  0.798  0.771  0.775  0.771  0.775
       10  0.99895   0.984  0.984  0.945  0.945  0.910  0.905  0.922  0.352 -0.814  1.000 -0.744 -0.995 -0.951 -0.955 -0.950 -0.955
       11  0.99791  -0.701 -0.701 -0.690 -0.690 -0.650 -0.645 -0.518  0.061  0.822 -0.744  1.000  0.702  0.665  0.669  0.666  0.669
       12  0.99969  -0.979 -0.979 -0.939 -0.939 -0.908 -0.902 -0.926 -0.366  0.798 -0.995  0.702  1.000  0.967  0.972  0.967  0.972
       13  0.97778  -0.928 -0.929 -0.895 -0.895 -0.871 -0.862 -0.872 -0.338  0.771 -0.951  0.665  0.967  1.000  0.961  0.950  0.956
       14  0.98281  -0.932 -0.933 -0.899 -0.899 -0.875 -0.866 -0.875 -0.338  0.775 -0.955  0.669  0.972  0.961  1.000  0.955  0.961
       15  0.97658  -0.930 -0.929 -0.895 -0.895 -0.870 -0.862 -0.874 -0.337  0.771 -0.950  0.666  0.967  0.950  0.955  1.000  0.959
       16  0.98194  -0.935 -0.934 -0.899 -0.900 -0.875 -0.867 -0.879 -0.339  0.775 -0.955  0.669  0.972  0.956  0.961  0.959  1.000
       17  0.95185  -0.909 -0.910 -0.862 -0.868 -0.848 -0.840 -0.856 -0.317  0.751 -0.927  0.652  0.941  0.923  0.928  0.922  0.927
                     1.000  0.912  0.903  0.907  0.824  0.837  0.865  0.875
       18  0.95832  -0.915 -0.916 -0.867 -0.874 -0.854 -0.846 -0.862 -0.319  0.757 -0.933  0.656  0.947  0.929  0.934  0.928  0.933
                     0.912  1.000  0.909  0.913  0.830  0.843  0.871  0.881
       19  0.96253  -0.930 -0.931 -0.918 -0.913 -0.865 -0.858 -0.876 -0.402  0.766 -0.947  0.673  0.956  0.930  0.935  0.929  0.934
                     0.903  0.909  1.000  0.931  0.831  0.844  0.875  0.885
       20  0.96721  -0.935 -0.935 -0.923 -0.918 -0.870 -0.863 -0.881 -0.404  0.770 -0.952  0.676  0.960  0.935  0.939  0.934  0.939
                     0.907  0.913  0.931  1.000  0.835  0.848  0.879  0.889
       21  0.89511  -0.836 -0.836 -0.802 -0.802 -0.720 -0.745 -0.784 -0.295  0.731 -0.852  0.610  0.865  0.849  0.853  0.848  0.853
                     0.824  0.830  0.831  0.835  1.000  0.814  0.792  0.800
       22  0.90914  -0.849 -0.849 -0.815 -0.815 -0.731 -0.756 -0.796 -0.299  0.743 -0.866  0.619  0.878  0.862  0.867  0.861  0.866
                     0.837  0.843  0.844  0.848  0.814  1.000  0.804  0.813
       23  0.92273  -0.886 -0.886 -0.850 -0.851 -0.846 -0.820 -0.832 -0.317  0.708 -0.903  0.646  0.912  0.890  0.895  0.889  0.894
                     0.865  0.871  0.875  0.879  0.792  0.804  1.000  0.861
       24  0.93301  -0.896 -0.896 -0.860 -0.860 -0.856 -0.829 -0.842 -0.321  0.716 -0.913  0.653  0.923  0.900  0.905  0.899  0.904
                     0.875  0.881  0.885  0.889  0.800  0.813  0.861  1.000
