 **********
 **    5 **SHO COR       5e+04         0.1
 **********
 PARAMETER  CORRELATION COEFFICIENTS  
       NO.  GLOBAL      1      2      3      4      5      6      7      8      9     10     11     12     13     14     15     16
        1  0.99648   1.000  0.989  0.330  0.330  0.240  0.250  0.730  0.139 -0.079  0.584 -0.015 -0.491  0.496  0.507  0.466  0.481
        2  0.99609   0.989  1.000  0.332  0.332  0.242  0.251  0.728  0.140 -0.079  0.588 -0.015 -0.494  0.479  0.490  0.491  0.507
        3  0.99310   0.330  0.332  1.000  0.975  0.204  0.213  0.064  0.760 -0.145  0.517 -0.165 -0.412  0.434  0.445  0.431  0.443
        4  0.98866   0.330  0.332  0.975  1.000  0.204  0.214  0.064  0.754 -0.146  0.517 -0.166 -0.414  0.434  0.446  0.431  0.443
        5  0.97199   0.240  0.242  0.204  0.204  1.000  0.899  0.033  0.017  0.582  0.387 -0.135 -0.332  0.325  0.333  0.322  0.331
        6  0.96169   0.250  0.251  0.213  0.214  0.899  1.000  0.033  0.018  0.566  0.402 -0.147 -0.327  0.339  0.348  0.337  0.346
        7  0.99840   0.730  0.728  0.064  0.064  0.033  0.033  1.000  0.365  0.330 -0.005  0.631 -0.018 -0.083 -0.087 -0.086 -0.085
        8  0.99570   0.139  0.140  0.760  0.754  0.017  0.018  0.365  1.000  0.241 -0.020  0.448  0.024 -0.077 -0.080 -0.074 -0.075
        9  0.98660  -0.079 -0.079 -0.145 -0.146  0.582  0.566  0.330  0.241  1.000 -0.367  0.564  0.320 -0.368 -0.379 -0.363 -0.372
       10  0.98188   0.584  0.588  0.517  0.517  0.387  0.402 -0.005 -0.020 -0.367  1.000 -0.464 -0.842  0.856  0.879  0.849  0.873
       11  0.99542  -0.015 -0.015 -0.165 -0.166 -0.135 -0.147  0.631  0.448  0.564 -0.464  1.000  0.289 -0.514 -0.528 -0.505 -0.517
       12  0.95243  -0.491 -0.494 -0.412 -0.414 -0.332 -0.327 -0.018  0.024  0.320 -0.842  0.289  1.000 -0.685 -0.703 -0.681 -0.699
       13  0.89032   0.496  0.479  0.434  0.434  0.325  0.339 -0.083 -0.077 -0.368  0.856 -0.514 -0.685  1.000  0.813  0.745  0.766
       14  0.91352   0.507  0.490  0.445  0.446  0.333  0.348 -0.087 -0.080 -0.379  0.879 -0.528 -0.703  0.813  1.000  0.765  0.786
       15  0.88388   0.466  0.491  0.431  0.431  0.322  0.337 -0.086 -0.074 -0.363  0.849 -0.505 -0.681  0.745  0.765  1.000  0.802
       16  0.90781   0.481  0.507  0.443  0.443  0.331  0.346 -0.085 -0.075 -0.372  0.873 -0.517 -0.699  0.766  0.786  0.802  1.000
       17  0.79985   0.402  0.404  0.402  0.364  0.281  0.294 -0.082 -0.080 -0.320  0.742 -0.446 -0.594  0.651  0.669  0.645  0.663
                     1.000  0.657  0.447  0.463  0.477  0.495  0.427  0.446
       18  0.82123   0.413  0.415  0.412  0.373  0.289  0.302 -0.084 -0.083 -0.329  0.762 -0.458 -0.610  0.669  0.687  0.663  0.681
                     0.657  1.000  0.459  0.476  0.490  0.509  0.439  0.458
       19  0.70297   0.298  0.300  0.070  0.120  0.216  0.226 -0.099 -0.300 -0.271  0.576 -0.388 -0.465  0.512  0.525  0.506  0.520
                     0.447  0.459  1.000  0.511  0.374  0.388  0.336  0.350
       20  0.72721   0.308  0.311  0.073  0.124  0.224  0.234 -0.102 -0.311 -0.280  0.597 -0.401 -0.481  0.530  0.544  0.525  0.539
                     0.463  0.476  0.511  1.000  0.387  0.402  0.348  0.363
       21  0.74502   0.349  0.351  0.321  0.321  0.432  0.325 -0.054 -0.048 -0.194  0.633 -0.356 -0.527  0.551  0.565  0.546  0.561
                     0.477  0.490  0.374  0.387  1.000  0.576  0.348  0.363
       22  0.77279   0.362  0.364  0.333  0.333  0.448  0.337 -0.056 -0.050 -0.202  0.657 -0.369 -0.547  0.572  0.587  0.566  0.582
                     0.495  0.509  0.388  0.402  0.576  1.000  0.361  0.377
       23  0.67299   0.303  0.305  0.284  0.284  0.082  0.201 -0.064 -0.052 -0.364  0.561 -0.339 -0.448  0.493  0.506  0.489  0.502
                     0.427  0.439  0.336  0.348  0.348  0.361  1.000  0.472
       24  0.70182   0.317  0.319  0.297  0.297  0.085  0.208 -0.066 -0.055 -0.381  0.586 -0.354 -0.468  0.515  0.528  0.510  0.524
                     0.446  0.458  0.350  0.363  0.363  0.377  0.472  1.000
