 **********
 **    5 **SHO COR       5e+04         0.1
 **********
 PARAMETER  CORRELATION COEFFICIENTS  
       NO.  GLOBAL      1      2      3      4      5      6      7      8      9     10     11     12     13     14     15     16
        1  0.99731   1.000  0.992  0.331  0.332  0.239  0.246  0.761  0.128 -0.100  0.598 -0.015 -0.541  0.541  0.552  0.517  0.531
        2  0.99703   0.992  1.000  0.333  0.334  0.241  0.248  0.759  0.129 -0.101  0.602 -0.015 -0.544  0.527  0.538  0.539  0.553
        3  0.99382   0.331  0.333  1.000  0.978  0.198  0.205  0.088  0.764 -0.152  0.519 -0.152 -0.452  0.454  0.464  0.451  0.462
        4  0.99000   0.332  0.334  0.978  1.000  0.199  0.205  0.088  0.758 -0.153  0.521 -0.152 -0.454  0.455  0.465  0.452  0.463
        5  0.97541   0.239  0.241  0.198  0.199  1.000  0.911  0.070  0.031  0.605  0.372 -0.093 -0.340  0.323  0.330  0.321  0.329
        6  0.96640   0.246  0.248  0.205  0.205  0.911  1.000  0.072  0.033  0.594  0.382 -0.101 -0.338  0.333  0.340  0.331  0.339
        7  0.99870   0.761  0.759  0.088  0.088  0.070  0.072  1.000  0.345  0.291  0.068  0.594 -0.067  0.023  0.022  0.023  0.025
        8  0.99614   0.128  0.129  0.764  0.758  0.031  0.033  0.345  1.000  0.233 -0.004  0.444  0.020 -0.039 -0.040 -0.035 -0.036
        9  0.98857  -0.100 -0.101 -0.152 -0.153  0.605  0.594  0.291  0.233  1.000 -0.366  0.552  0.355 -0.355 -0.363 -0.349 -0.357
       10  0.98317   0.598  0.602  0.519  0.521  0.372  0.382  0.068 -0.004 -0.366  1.000 -0.407 -0.914  0.881  0.901  0.875  0.896
       11  0.99606  -0.015 -0.015 -0.152 -0.152 -0.093 -0.101  0.594  0.444  0.552 -0.407  1.000  0.303 -0.430 -0.441 -0.421 -0.431
       12  0.97711  -0.541 -0.544 -0.452 -0.454 -0.340 -0.338 -0.067  0.020  0.355 -0.914  0.303  1.000 -0.793 -0.811 -0.788 -0.806
       13  0.90543   0.541  0.527  0.454  0.455  0.323  0.333  0.023 -0.039 -0.355  0.881 -0.430 -0.793  1.000  0.838  0.777  0.796
       14  0.92587   0.552  0.538  0.464  0.465  0.330  0.340  0.022 -0.040 -0.363  0.901 -0.441 -0.811  0.838  1.000  0.795  0.814
       15  0.89992   0.517  0.539  0.451  0.452  0.321  0.331  0.023 -0.035 -0.349  0.875 -0.421 -0.788  0.777  0.795  1.000  0.829
       16  0.92089   0.531  0.553  0.462  0.463  0.329  0.339  0.025 -0.036 -0.357  0.896 -0.431 -0.806  0.796  0.814  0.829  1.000
       17  0.81789   0.446  0.448  0.417  0.382  0.283  0.291  0.010 -0.048 -0.308  0.770 -0.372 -0.694  0.684  0.699  0.678  0.694
                     1.000  0.685  0.488  0.504  0.505  0.523  0.453  0.472
       18  0.83783   0.457  0.460  0.427  0.391  0.290  0.298  0.011 -0.049 -0.316  0.789 -0.381 -0.710  0.701  0.717  0.695  0.712
                     0.685  1.000  0.500  0.516  0.518  0.536  0.464  0.483
       19  0.72748   0.351  0.354  0.109  0.157  0.226  0.232 -0.012 -0.255 -0.263  0.621 -0.324 -0.566  0.553  0.566  0.549  0.562
                     0.488  0.500  1.000  0.546  0.408  0.423  0.366  0.381
       20  0.75095   0.363  0.365  0.113  0.161  0.233  0.240 -0.012 -0.264 -0.272  0.642 -0.335 -0.584  0.572  0.585  0.567  0.580
                     0.504  0.516  0.546  1.000  0.422  0.437  0.378  0.394
       21  0.75631   0.386  0.388  0.338  0.338  0.417  0.316  0.029 -0.014 -0.187  0.655 -0.285 -0.602  0.578  0.591  0.574  0.588
                     0.505  0.518  0.408  0.422  1.000  0.592  0.371  0.387
       22  0.78332   0.400  0.402  0.350  0.351  0.432  0.328  0.030 -0.015 -0.194  0.678 -0.295 -0.624  0.599  0.613  0.595  0.609
                     0.523  0.536  0.423  0.437  0.592  1.000  0.385  0.401
       23  0.68832   0.340  0.342  0.301  0.302  0.080  0.189  0.014 -0.020 -0.354  0.584 -0.274 -0.527  0.518  0.530  0.514  0.526
                     0.453  0.464  0.366  0.378  0.371  0.385  1.000  0.493
       24  0.71656   0.355  0.357  0.314  0.315  0.083  0.196  0.015 -0.021 -0.369  0.609 -0.286 -0.549  0.540  0.552  0.536  0.549
                     0.472  0.483  0.381  0.394  0.387  0.401  0.493  1.000
