 **********
 **    5 **SHO COR       5e+04         0.1
 **********
 PARAMETER  CORRELATION COEFFICIENTS  
       NO.  GLOBAL      1      2      3      4      5      6      7      8      9     10     11     12     13     14     15     16
        1  0.99482   1.000  0.987  0.309  0.307  0.134  0.136  0.942  0.494  0.365  0.646  0.488  0.522 -0.029 -0.028 -0.082 -0.092
        2  0.99402   0.987  1.000  0.310  0.308  0.135  0.137  0.942  0.496  0.367  0.649  0.493  0.520 -0.049 -0.049 -0.055 -0.063
        3  0.98207   0.309  0.310  1.000  0.951  0.073  0.076  0.315  0.880  0.167  0.378  0.221  0.215  0.025  0.030  0.016  0.017
        4  0.97356   0.307  0.308  0.951  1.000  0.072  0.076  0.315  0.875  0.168  0.373  0.223  0.218  0.023  0.027  0.014  0.014
        5  0.95181   0.134  0.135  0.073  0.072  1.000  0.868  0.140  0.107  0.854  0.173  0.114  0.075  0.023  0.026  0.019  0.020
        6  0.93167   0.136  0.137  0.076  0.076  0.868  1.000  0.139  0.107  0.836  0.193  0.119  0.054  0.039  0.044  0.034  0.037
        7  0.99849   0.942  0.942  0.315  0.315  0.140  0.139  1.000  0.609  0.467  0.609  0.718  0.598 -0.074 -0.077 -0.099 -0.112
        8  0.99332   0.494  0.496  0.880  0.875  0.107  0.107  0.609  1.000  0.367  0.460  0.599  0.425 -0.022 -0.021 -0.033 -0.039
        9  0.97787   0.365  0.367  0.167  0.168  0.854  0.836  0.467  0.367  1.000  0.300  0.470  0.353 -0.045 -0.047 -0.052 -0.059
       10  0.84644   0.646  0.649  0.378  0.373  0.173  0.193  0.609  0.460  0.300  1.000  0.460  0.188  0.236  0.263  0.210  0.229
       11  0.99137   0.488  0.493  0.221  0.223  0.114  0.119  0.718  0.599  0.470  0.460  1.000  0.236  0.093  0.105  0.081  0.085
       12  0.94981   0.522  0.520  0.215  0.218  0.075  0.054  0.598  0.425  0.353  0.188  0.236  1.000 -0.393 -0.428 -0.395 -0.435
       13  0.54778  -0.029 -0.049  0.025  0.023  0.023  0.039 -0.074 -0.022 -0.045  0.236  0.093 -0.393  1.000  0.329  0.253  0.278
       14  0.60062  -0.028 -0.049  0.030  0.027  0.026  0.044 -0.077 -0.021 -0.047  0.263  0.105 -0.428  0.329  1.000  0.278  0.305
       15  0.53773  -0.082 -0.055  0.016  0.014  0.019  0.034 -0.099 -0.033 -0.052  0.210  0.081 -0.395  0.253  0.278  1.000  0.317
       16  0.58932  -0.092 -0.063  0.017  0.014  0.020  0.037 -0.112 -0.039 -0.059  0.229  0.085 -0.435  0.278  0.305  0.317  1.000
       17  0.40959   0.000  0.002  0.033 -0.015  0.019  0.029 -0.017 -0.032 -0.020  0.170  0.077 -0.249  0.170  0.187  0.165  0.181
                     1.000  0.178  0.098  0.105  0.078  0.084  0.069  0.074
       18  0.43567   0.001  0.003  0.034 -0.016  0.020  0.031 -0.017 -0.034 -0.021  0.183  0.082 -0.265  0.181  0.199  0.176  0.193
                     0.178  1.000  0.105  0.112  0.083  0.089  0.073  0.079
       19  0.38781  -0.052 -0.051 -0.179 -0.133  0.003  0.011 -0.067 -0.179 -0.044  0.077  0.030 -0.245  0.138  0.151  0.135  0.148
                     0.098  0.105  1.000  0.159  0.061  0.066  0.057  0.061
       20  0.41031  -0.055 -0.054 -0.190 -0.142  0.003  0.012 -0.070 -0.190 -0.046  0.082  0.032 -0.259  0.146  0.160  0.143  0.157
                     0.105  0.112  0.159  1.000  0.065  0.070  0.061  0.065
       21  0.39215   0.010  0.011  0.021  0.020  0.203  0.105  0.002  0.010  0.073  0.125  0.070 -0.163  0.116  0.128  0.113  0.124
                     0.078  0.083  0.061  0.065  1.000  0.165  0.034  0.036
       22  0.42065   0.011  0.013  0.023  0.021  0.217  0.113  0.003  0.011  0.078  0.135  0.075 -0.175  0.125  0.138  0.121  0.133
                     0.084  0.089  0.066  0.070  0.165  1.000  0.036  0.039
       23  0.32672  -0.022 -0.021  0.003  0.002 -0.129 -0.041 -0.031 -0.016 -0.146  0.078  0.037 -0.171  0.104  0.114  0.102  0.112
                     0.069  0.073  0.057  0.061  0.034  0.036  1.000  0.114
       24  0.34978  -0.023 -0.022  0.003  0.002 -0.139 -0.046 -0.033 -0.017 -0.158  0.084  0.040 -0.183  0.112  0.123  0.109  0.120
                     0.074  0.079  0.061  0.065  0.036  0.039  0.114  1.000
