 **********
 **    5 **SHO COR       5e+04         0.1
 **********
 PARAMETER  CORRELATION COEFFICIENTS  
       NO.  GLOBAL      1      2      3      4      5      6      7      8      9     10     11     12     13     14     15     16
        1  0.99845   1.000  0.733  0.639  0.799  0.526  0.398  0.769 -0.100  0.251  0.081 -0.514 -0.237 -0.371 -0.429 -0.036  0.230
        2  0.99403   0.733  1.000  0.566  0.488  0.743  0.280  0.711 -0.187  0.113 -0.048 -0.534 -0.334 -0.349 -0.428 -0.049  0.309
        3  0.98892   0.639  0.566  1.000  0.448  0.360  0.760  0.607 -0.129  0.203 -0.009 -0.434 -0.216 -0.293 -0.348  0.014  0.241
        4  0.99852   0.799  0.488  0.448  1.000  0.722  0.621  0.446  0.480  0.582  0.635  0.078  0.333 -0.112  0.040 -0.079 -0.240
        5  0.99382   0.526  0.743  0.360  0.722  1.000  0.536  0.352  0.461  0.479  0.568  0.120  0.297 -0.045  0.088 -0.103 -0.192
        6  0.98908   0.398  0.280  0.760  0.621  0.536  1.000  0.219  0.466  0.529  0.542  0.193  0.375  0.025  0.149 -0.033 -0.228
        7  0.95980   0.769  0.711  0.607  0.446  0.352  0.219  1.000 -0.332  0.034 -0.059 -0.636 -0.431 -0.580 -0.515 -0.005  0.392
        8  0.97019  -0.100 -0.187 -0.129  0.480  0.461  0.466 -0.332  1.000  0.573  0.881  0.871  0.834  0.329  0.764 -0.078 -0.671
        9  0.89686   0.251  0.113  0.203  0.582  0.479  0.529  0.034  0.573  1.000  0.630  0.382  0.727  0.098  0.294  0.200 -0.384
       10  0.99291   0.081 -0.048 -0.009  0.635  0.568  0.542 -0.059  0.881  0.630  1.000  0.727  0.805  0.098  0.567 -0.085 -0.654
       11  0.99156  -0.514 -0.534 -0.434  0.078  0.120  0.193 -0.636  0.871  0.382  0.727  1.000  0.831  0.451  0.880 -0.050 -0.689
       12  0.97565  -0.237 -0.334 -0.216  0.333  0.297  0.375 -0.431  0.834  0.727  0.805  0.831  1.000  0.362  0.656  0.214 -0.663
       13  0.94216  -0.371 -0.349 -0.293 -0.112 -0.045  0.025 -0.580  0.329  0.098  0.098  0.451  0.362  1.000  0.361 -0.017 -0.035
       14  0.97826  -0.429 -0.428 -0.348  0.040  0.088  0.149 -0.515  0.764  0.294  0.567  0.880  0.656  0.361  1.000 -0.038 -0.544
       15  0.95694  -0.036 -0.049  0.014 -0.079 -0.103 -0.033 -0.005 -0.078  0.200 -0.085 -0.050  0.214 -0.017 -0.038  1.000  0.047
       16  0.82775   0.230  0.309  0.241 -0.240 -0.192 -0.228  0.392 -0.671 -0.384 -0.654 -0.689 -0.663 -0.035 -0.544  0.047  1.000
       17  0.86165   0.238  0.321  0.250 -0.251 -0.201 -0.238  0.407 -0.698 -0.400 -0.681 -0.716 -0.690 -0.036 -0.566  0.049  0.713
                     1.000  0.698  0.729  0.513  0.534  0.479  0.500  0.432  0.456  0.389  0.411  0.034  0.037  0.045  0.048 -0.014
       18  0.81066   0.210  0.293  0.227 -0.249 -0.198 -0.231  0.374 -0.660 -0.383 -0.646 -0.671 -0.650 -0.031 -0.530  0.047  0.671
                     0.698  1.000  0.686  0.482  0.502  0.451  0.470  0.405  0.427  0.366  0.386  0.034  0.037  0.044  0.047 -0.012
       19  0.84632   0.221  0.306  0.237 -0.259 -0.206 -0.241  0.392 -0.689 -0.399 -0.674 -0.701 -0.679 -0.033 -0.553  0.049  0.700
                     0.729  0.686  1.000  0.503  0.524  0.471  0.491  0.423  0.446  0.382  0.403  0.036  0.038  0.046  0.049 -0.012
       20  0.67843   0.194  0.197  0.188 -0.150 -0.224 -0.166  0.295 -0.505 -0.268 -0.496 -0.521 -0.491 -0.011 -0.411  0.045  0.493
                     0.513  0.482  0.503  1.000  0.479  0.436  0.455  0.318  0.335  0.286  0.301  0.010  0.011  0.019  0.020  0.026
       21  0.70660   0.203  0.206  0.196 -0.156 -0.233 -0.172  0.308 -0.526 -0.278 -0.517 -0.542 -0.511 -0.011 -0.428  0.047  0.513
                     0.534  0.502  0.524  0.479  1.000  0.454  0.473  0.331  0.349  0.297  0.314  0.010  0.011  0.020  0.021  0.027
       22  0.64658   0.140  0.124  0.145 -0.181 -0.271 -0.182  0.241 -0.481 -0.270 -0.482 -0.473 -0.458  0.012 -0.372  0.048  0.460
                     0.479  0.451  0.471  0.436  0.454  1.000  0.436  0.293  0.309  0.267  0.282  0.017  0.018  0.023  0.025  0.030
       23  0.67363   0.145  0.129  0.151 -0.189 -0.282 -0.189  0.251 -0.502 -0.281 -0.503 -0.493 -0.477  0.012 -0.388  0.050  0.480
                     0.500  0.470  0.491  0.455  0.473  0.436  1.000  0.306  0.322  0.279  0.294  0.018  0.019  0.024  0.026  0.031
       24  0.61379   0.227  0.253  0.215 -0.065 -0.068 -0.154  0.306 -0.408 -0.205 -0.389 -0.459 -0.417 -0.043 -0.366  0.029  0.415
                     0.432  0.405  0.423  0.318  0.331  0.293  0.306  1.000  0.397  0.340  0.358 -0.006 -0.006  0.005  0.005 -0.020
       25  0.64730   0.240  0.267  0.226 -0.069 -0.071 -0.163  0.323 -0.430 -0.216 -0.410 -0.484 -0.440 -0.046 -0.385  0.031  0.438
                     0.456  0.427  0.446  0.335  0.349  0.309  0.322  0.397  1.000  0.358  0.378 -0.006 -0.006  0.005  0.005 -0.021
       26  0.56913   0.133  0.169  0.070 -0.128 -0.117 -0.259  0.216 -0.383 -0.230 -0.381 -0.390 -0.380 -0.003 -0.311  0.027  0.374
                     0.389  0.366  0.382  0.286  0.297  0.267  0.279  0.340  0.358  1.000  0.342  0.007  0.008  0.014  0.015 -0.008
       27  0.60045   0.141  0.178  0.074 -0.135 -0.124 -0.274  0.228 -0.405 -0.243 -0.402 -0.412 -0.401 -0.003 -0.328  0.028  0.395
                     0.411  0.386  0.403  0.301  0.314  0.282  0.294  0.358  0.378  0.342  1.000  0.008  0.009  0.014  0.015 -0.008
       28  0.73165  -0.141 -0.103 -0.092 -0.165 -0.125 -0.102 -0.094  0.088 -0.093 -0.096  0.167 -0.040  0.036  0.461  0.012  0.033
                     0.034  0.034  0.036  0.010  0.010  0.017  0.018 -0.006 -0.006  0.007  0.008  1.000  0.569  0.535  0.569  0.386
       29  0.77706  -0.149 -0.109 -0.097 -0.175 -0.133 -0.108 -0.100  0.093 -0.099 -0.102  0.177 -0.043  0.038  0.489  0.013  0.035
                     0.037  0.037  0.038  0.011  0.011  0.018  0.019 -0.006 -0.006  0.008  0.009  0.569  1.000  0.569  0.604  0.410
       30  0.73327  -0.097 -0.071 -0.063 -0.130 -0.102 -0.085 -0.060  0.084 -0.082 -0.093  0.146 -0.052  0.020  0.447  0.010  0.043
                     0.045  0.044  0.046  0.019  0.020  0.023  0.024  0.005  0.005  0.014  0.014  0.535  0.569  1.000  0.571  0.385
       31  0.77855  -0.102 -0.075 -0.067 -0.138 -0.109 -0.090 -0.064  0.089 -0.088 -0.099  0.154 -0.055  0.021  0.474  0.011  0.046
                     0.048  0.047  0.049  0.020  0.021  0.025  0.026  0.005  0.005  0.015  0.015  0.569  0.604  0.571  1.000  0.408
       32  0.56020  -0.139 -0.063 -0.083 -0.134 -0.083 -0.075 -0.080  0.082 -0.054 -0.047  0.152 -0.005  0.022  0.365  0.009 -0.014
                    -0.014 -0.012 -0.012  0.026  0.027  0.030  0.031 -0.020 -0.021 -0.008 -0.008  0.386  0.410  0.385  0.408  1.000
       33  0.59013  -0.147 -0.066 -0.088 -0.141 -0.088 -0.079 -0.084  0.086 -0.057 -0.049  0.160 -0.005  0.024  0.384  0.009 -0.015
                    -0.015 -0.012 -0.013  0.028  0.029  0.032  0.033 -0.021 -0.022 -0.008 -0.009  0.407  0.432  0.405  0.430  0.331
                    -0.015 -0.012 -0.013  0.028  0.029  0.032  0.033 -0.021 -0.022 -0.008 -0.009  0.407  0.432  0.405  0.430  0.331  1.000  0.335  0.353  0.236  0.252  0.243  0.260 -0.004 -0.005 -0.004 -0.005  0.013  0.013  0.013  0.013 -0.008
       34  0.56930  -0.166 -0.098 -0.103 -0.152 -0.109 -0.085 -0.105  0.089 -0.059 -0.045  0.171  0.007  0.035  0.382  0.010 -0.025
                    -0.026 -0.022 -0.023  0.019  0.020  0.026  0.027 -0.029 -0.031 -0.014 -0.015  0.393  0.417  0.390  0.414  0.318
                    -0.026 -0.022 -0.023  0.019  0.020  0.026  0.027 -0.029 -0.031 -0.014 -0.015  0.393  0.417  0.390  0.414  0.318  0.335  1.000  0.341  0.229  0.245  0.237  0.254 -0.010 -0.010 -0.009 -0.010  0.008  0.008  0.007  0.008 -0.012
       35  0.59890  -0.174 -0.103 -0.109 -0.160 -0.115 -0.089 -0.110  0.093 -0.062 -0.048  0.180  0.007  0.036  0.402  0.011 -0.026
                    -0.027 -0.023 -0.024  0.021  0.021  0.027  0.028 -0.030 -0.032 -0.015 -0.015  0.413  0.438  0.410  0.435  0.335
                    -0.027 -0.023 -0.024  0.021  0.021  0.027  0.028 -0.030 -0.032 -0.015 -0.015  0.413  0.438  0.410  0.435  0.335  0.353  0.341  1.000  0.241  0.258  0.250  0.267 -0.010 -0.010 -0.010 -0.010  0.008  0.008  0.008  0.008 -0.013
       36  0.44329  -0.134 -0.100 -0.061 -0.115 -0.084 -0.069 -0.081  0.074 -0.042 -0.020  0.142  0.018  0.021  0.299  0.010 -0.031
                    -0.032 -0.028 -0.029 -0.023 -0.024 -0.016 -0.016  0.017  0.018  0.025  0.026  0.296  0.314  0.293  0.311  0.224
                    -0.032 -0.028 -0.029 -0.023 -0.024 -0.016 -0.016  0.017  0.018  0.025  0.026  0.296  0.314  0.293  0.311  0.224  0.236  0.229  0.241  1.000  0.210  0.202  0.216 -0.011 -0.012 -0.011 -0.012 -0.009 -0.010 -0.009 -0.010  0.008
       37  0.47463  -0.144 -0.107 -0.066 -0.124 -0.090 -0.074 -0.087  0.079 -0.045 -0.021  0.152  0.019  0.022  0.320  0.010 -0.033
                    -0.034 -0.030 -0.031 -0.025 -0.026 -0.017 -0.018  0.018  0.019  0.027  0.028  0.317  0.336  0.314  0.333  0.240
                    -0.034 -0.030 -0.031 -0.025 -0.026 -0.017 -0.018  0.018  0.019  0.027  0.028  0.317  0.336  0.314  0.333  0.240  0.252  0.245  0.258  0.210  1.000  0.216  0.231 -0.012 -0.013 -0.012 -0.013 -0.010 -0.010 -0.010 -0.010  0.008
       38  0.46065  -0.181 -0.141 -0.133 -0.148 -0.110 -0.124 -0.125  0.083 -0.056 -0.019  0.174  0.033  0.042  0.325  0.009 -0.048
                    -0.050 -0.044 -0.046 -0.037 -0.038 -0.026 -0.027  0.002  0.002  0.020  0.021  0.304  0.322  0.299  0.317  0.231
                    -0.050 -0.044 -0.046 -0.037 -0.038 -0.026 -0.027  0.002  0.002  0.020  0.021  0.304  0.322  0.299  0.317  0.231  0.243  0.237  0.250  0.202  0.216  1.000  0.227 -0.024 -0.024 -0.023 -0.024 -0.020 -0.021 -0.020 -0.020 -0.004
       39  0.49246  -0.193 -0.151 -0.141 -0.158 -0.118 -0.132 -0.133  0.089 -0.060 -0.021  0.186  0.036  0.044  0.347  0.009 -0.051
                    -0.053 -0.047 -0.049 -0.039 -0.041 -0.028 -0.029  0.002  0.002  0.022  0.023  0.325  0.345  0.320  0.339  0.247
                    -0.053 -0.047 -0.049 -0.039 -0.041 -0.028 -0.029  0.002  0.002  0.022  0.023  0.325  0.345  0.320  0.339  0.247  0.260  0.254  0.267  0.216  0.231  0.227  1.000 -0.025 -0.026 -0.025 -0.026 -0.021 -0.022 -0.021 -0.022 -0.004
       40  0.84934   0.140  0.146  0.170 -0.135 -0.157 -0.114  0.222 -0.396  0.065 -0.377 -0.405 -0.142 -0.178 -0.320  0.740  0.319
                     0.332  0.313  0.326  0.241  0.251  0.226  0.235  0.200  0.211  0.173  0.182  0.016  0.017  0.022  0.024 -0.004
                     0.332  0.313  0.326  0.241  0.251  0.226  0.235  0.200  0.211  0.173  0.182  0.016  0.017  0.022  0.024 -0.004 -0.004 -0.010 -0.010 -0.011 -0.012 -0.024 -0.025  1.000  0.748  0.716  0.743  0.598  0.620  0.590  0.612  0.497
       41  0.88013   0.145  0.152  0.176 -0.140 -0.163 -0.118  0.230 -0.410  0.067 -0.391 -0.420 -0.147 -0.185 -0.332  0.767  0.331
                     0.344  0.324  0.338  0.250  0.260  0.234  0.244  0.207  0.218  0.179  0.189  0.016  0.017  0.023  0.025 -0.004
                     0.344  0.324  0.338  0.250  0.260  0.234  0.244  0.207  0.218  0.179  0.189  0.016  0.017  0.023  0.025 -0.004 -0.005 -0.010 -0.010 -0.012 -0.013 -0.024 -0.026  0.748  1.000  0.742  0.770  0.620  0.643  0.612  0.635  0.515
       42  0.84304   0.138  0.145  0.168 -0.134 -0.156 -0.113  0.220 -0.393  0.064 -0.375 -0.402 -0.140 -0.177 -0.318  0.735  0.317
                     0.330  0.310  0.324  0.239  0.249  0.224  0.233  0.198  0.209  0.171  0.181  0.016  0.017  0.022  0.024 -0.004
                     0.330  0.310  0.324  0.239  0.249  0.224  0.233  0.198  0.209  0.171  0.181  0.016  0.017  0.022  0.024 -0.004 -0.004 -0.009 -0.010 -0.011 -0.012 -0.023 -0.025  0.716  0.742  1.000  0.738  0.594  0.616  0.586  0.608  0.493
       43  0.87509   0.143  0.150  0.175 -0.139 -0.162 -0.117  0.229 -0.407  0.067 -0.389 -0.417 -0.146 -0.184 -0.330  0.763  0.329
                     0.342  0.322  0.336  0.248  0.258  0.232  0.242  0.206  0.217  0.178  0.187  0.016  0.017  0.023  0.024 -0.004
                     0.342  0.322  0.336  0.248  0.258  0.232  0.242  0.206  0.217  0.178  0.187  0.016  0.017  0.023  0.024 -0.004 -0.005 -0.010 -0.010 -0.012 -0.013 -0.024 -0.026  0.743  0.770  0.738  1.000  0.616  0.639  0.608  0.631  0.512
       44  0.71649   0.128  0.133  0.148 -0.088 -0.127 -0.081  0.199 -0.313  0.065 -0.291 -0.328 -0.104 -0.163 -0.259  0.628  0.241
                     0.251  0.236  0.246  0.221  0.230  0.207  0.216  0.160  0.168  0.136  0.144  0.004  0.005  0.010  0.011  0.012
                     0.251  0.236  0.246  0.221  0.230  0.207  0.216  0.160  0.168  0.136  0.144  0.004  0.005  0.010  0.011  0.012  0.013  0.008  0.008 -0.009 -0.010 -0.020 -0.021  0.598  0.620  0.594  0.616  1.000  0.532  0.506  0.525  0.417
       45  0.74290   0.132  0.138  0.154 -0.091 -0.132 -0.084  0.207 -0.324  0.068 -0.302 -0.340 -0.108 -0.169 -0.268  0.651  0.250
                     0.260  0.244  0.255  0.229  0.239  0.215  0.224  0.166  0.175  0.141  0.149  0.004  0.005  0.011  0.011  0.013
                     0.260  0.244  0.255  0.229  0.239  0.215  0.224  0.166  0.175  0.141  0.149  0.004  0.005  0.011  0.011  0.013  0.013  0.008  0.008 -0.010 -0.010 -0.021 -0.022  0.620  0.643  0.616  0.639  0.532  1.000  0.525  0.545  0.433
       46  0.70691   0.126  0.131  0.146 -0.087 -0.125 -0.080  0.196 -0.308  0.064 -0.287 -0.323 -0.103 -0.160 -0.255  0.620  0.237
                     0.247  0.232  0.243  0.218  0.227  0.204  0.213  0.157  0.166  0.134  0.142  0.004  0.005  0.010  0.011  0.012
                     0.247  0.232  0.243  0.218  0.227  0.204  0.213  0.157  0.166  0.134  0.142  0.004  0.005  0.010  0.011  0.012  0.013  0.007  0.008 -0.009 -0.010 -0.020 -0.021  0.590  0.612  0.586  0.608  0.506  0.525  1.000  0.518  0.412
       47  0.73330   0.130  0.136  0.151 -0.090 -0.130 -0.083  0.203 -0.320  0.067 -0.298 -0.335 -0.107 -0.166 -0.265  0.643  0.246
                     0.256  0.241  0.252  0.226  0.235  0.212  0.220  0.163  0.172  0.139  0.147  0.004  0.005  0.010  0.011  0.012
                     0.256  0.241  0.252  0.226  0.235  0.212  0.220  0.163  0.172  0.139  0.147  0.004  0.005  0.010  0.011  0.012  0.013  0.008  0.008 -0.010 -0.010 -0.020 -0.022  0.612  0.635  0.608  0.631  0.525  0.545  0.518  1.000  0.427
       48  0.60438   0.131  0.129  0.164 -0.049 -0.075 -0.055  0.194 -0.254  0.053 -0.228 -0.281 -0.091 -0.154 -0.223  0.522  0.201
                     0.209  0.196  0.205  0.158  0.165  0.146  0.152  0.176  0.185  0.149  0.158 -0.002 -0.002  0.004  0.005 -0.007
                     0.209  0.196  0.205  0.158  0.165  0.146  0.152  0.176  0.185  0.149  0.158 -0.002 -0.002  0.004  0.005 -0.007 -0.008 -0.012 -0.013  0.008  0.008 -0.004 -0.004  0.497  0.515  0.493  0.512  0.417  0.433  0.412  0.427  1.000
       49  0.63627   0.138  0.136  0.173 -0.052 -0.079 -0.058  0.205 -0.268  0.056 -0.240 -0.296 -0.096 -0.162 -0.235  0.549  0.211
                     0.220  0.206  0.215  0.167  0.174  0.154  0.160  0.185  0.195  0.157  0.166 -0.002 -0.002  0.004  0.005 -0.008
                     0.220  0.206  0.215  0.167  0.174  0.154  0.160  0.185  0.195  0.157  0.166 -0.002 -0.002  0.004  0.005 -0.008 -0.008 -0.013 -0.013  0.008  0.009 -0.004 -0.004  0.523  0.542  0.519  0.539  0.439  0.455  0.433  0.450  0.385
                     0.220  0.206  0.215  0.167  0.174  0.154  0.160  0.185  0.195  0.157  0.166 -0.002 -0.002  0.004  0.005 -0.008 -0.008 -0.013 -0.013  0.008  0.009 -0.004 -0.004  0.523  0.542  0.519  0.539  0.439  0.455  0.433  0.450  0.385  1.000  0.378  0.398
       50  0.59380   0.128  0.126  0.161 -0.049 -0.074 -0.055  0.190 -0.250  0.052 -0.224 -0.276 -0.090 -0.151 -0.219  0.513  0.197
                     0.205  0.192  0.201  0.155  0.162  0.144  0.150  0.172  0.181  0.147  0.155 -0.002 -0.002  0.004  0.005 -0.007
                     0.205  0.192  0.201  0.155  0.162  0.144  0.150  0.172  0.181  0.147  0.155 -0.002 -0.002  0.004  0.005 -0.007 -0.008 -0.012 -0.012  0.007  0.008 -0.004 -0.004  0.488  0.506  0.484  0.503  0.410  0.425  0.405  0.420  0.359
                     0.205  0.192  0.201  0.155  0.162  0.144  0.150  0.172  0.181  0.147  0.155 -0.002 -0.002  0.004  0.005 -0.007 -0.008 -0.012 -0.012  0.007  0.008 -0.004 -0.004  0.488  0.506  0.484  0.503  0.410  0.425  0.405  0.420  0.359  0.378  1.000  0.371
       51  0.62484   0.135  0.133  0.169 -0.051 -0.078 -0.058  0.200 -0.263  0.055 -0.236 -0.290 -0.094 -0.159 -0.230  0.540  0.207
                     0.216  0.202  0.211  0.164  0.170  0.151  0.157  0.181  0.191  0.154  0.163 -0.002 -0.002  0.004  0.005 -0.008
                     0.216  0.202  0.211  0.164  0.170  0.151  0.157  0.181  0.191  0.154  0.163 -0.002 -0.002  0.004  0.005 -0.008 -0.008 -0.012 -0.013  0.008  0.008 -0.004 -0.004  0.514  0.532  0.510  0.529  0.432  0.447  0.426  0.442  0.378
                     0.216  0.202  0.211  0.164  0.170  0.151  0.157  0.181  0.191  0.154  0.163 -0.002 -0.002  0.004  0.005 -0.008 -0.008 -0.012 -0.013  0.008  0.008 -0.004 -0.004  0.514  0.532  0.510  0.529  0.432  0.447  0.426  0.442  0.378  0.398  0.371  1.000
